HEAD
     3.00000000     2.99625078     2.98501250     2.96631323     2.94019973     2.90673727     2.86600946     2.81811814     2.76318298     2.70134132
     2.99875026     2.99500260     2.98376900     2.96507752     2.93897490     2.90552638     2.86481553     2.81694417     2.76203189     2.70021600
     2.99500417     2.99126119     2.98004162     2.96137349     2.93530348     2.90189674     2.86123675     2.81342519     2.75858151     2.69684284
     2.98877108     2.98503589     2.97383967     2.95521040     2.92919464     2.89585742     2.85528206     2.80757000     2.75284045     2.69123027
     2.98006658     2.97634227     2.96517866     2.94660364     2.92066365     2.88742352     2.84696633     2.79939323     2.74482308     2.68339233
     2.96891242     2.96520205     2.95408023     2.93557473     2.90973184     2.87661612     2.83631036     2.78891532     2.73454942     2.67334860
     2.95533649     2.95164308     2.94057211     2.92215124     2.89642651     2.86346223     2.82334077     2.77616246     2.72204515     2.66112419
     2.93937271     2.93569926     2.92468809     2.90636673     2.88078096     2.84799474     2.80809000     2.76116653     2.70734155     2.64674966
     2.92106099     2.91741043     2.90646785     2.88826062     2.86283425     2.83025228     2.79059614     2.74396499     2.69047533     2.63026092
     2.90044711     2.89682230     2.88595695     2.86787821     2.84263127     2.81027923     2.77090295     2.72460087     2.67148869     2.61169921
END
HEAD
     2.70134132     2.63274769     2.55757355     2.47600680     2.38825144     2.29452658     2.19506661     2.09012010     1.97994938     1.86482996     1.74504930     1.62090692
     2.70021600     2.63165094     2.55650811     2.47497535     2.38725654     2.29357073     2.19415219     2.08924940     1.97912458     1.86405311     1.74432235     1.62023168
     2.69684284     2.62836343     2.55331448     2.47188356     2.38427434     2.29070556     2.19141121     2.08663947     1.97665222     1.86172450     1.74214330     1.61820766
     2.69123027     2.62289338     2.54800062     2.46673917     2.37931228     2.28593823     2.18685053     2.08229684     1.97253848     1.85784995     1.73851762     1.61483990
     2.68339233     2.61525446     2.54057982     2.45955504     2.37238276     2.27928066     2.18048154     2.07623235     1.96679366     1.85243915     1.73345436     1.61013684
     2.67334860     2.60546577     2.53107062     2.45034912     2.36350312     2.27074949     2.17232017     2.06846118     1.95943211     1.84550561     1.72696618     1.60411023
     2.66112419     2.59355176     2.51949681     2.43914442     2.35269554     2.26036604     2.16238681     2.05900273     1.95047222     1.83706667     1.71906929     1.59677512
     2.64674966     2.57954224     2.50588730     2.42596895     2.33998704     2.24815628     2.15070630     2.04788067     1.93993640     1.82714343     1.70978343     1.58814986
     2.63026092     2.56347219     2.49027611     2.41085563     2.32540937     2.23415070     2.13730781     2.03512277     1.92785097     1.81576068     1.69913181     1.57825599
     2.61169921     2.54538180     2.47270227     2.39384226     2.30899899     2.21838433     2.12222486     2.02076094     1.91424615     1.80294689     1.68714106     1.56711826
END
HEAD
     2.90044711     2.89682230     2.88595695     2.86787821     2.84263127     2.81027923     2.77090295     2.72460087     2.67148869     2.61169921
     2.87758256     2.87398633     2.86320663     2.84527041     2.82022249     2.78812549     2.74905961     2.70312254     2.65042905     2.59111089
     2.85252452     2.84895960     2.83827377     2.82049374     2.79566394     2.76384644     2.72512075     2.67958370     2.62734906     2.56854745
     2.82533560     2.82180467     2.81122069     2.79361013     2.76901699     2.73750276     2.69914618     2.65404317     2.60230641     2.54406527
     2.79608381     2.79258944     2.78211504     2.76468680     2.74034829     2.70916034     2.67120088     2.62656484     2.57536373     2.51772558
     2.76484219     2.76138686     2.75102950     2.73379599     2.70972943     2.67888995     2.64135463     2.59721732     2.54658829     2.48959416
     2.73168887     2.72827497     2.71804180     2.70101495     2.67723696     2.64676728     2.60968204     2.56607399     2.51605206     2.45974134
     2.69670670     2.69333652     2.68323440     2.66642559     2.64295211     2.61287262     2.57626230     2.53321269     2.48383135     2.42824175
     2.65998313     2.65665884     2.64669429     2.63011438     2.60696056     2.57729069     2.54117893     2.49871557     2.45000670     2.39517411
     2.62160999     2.61833366     2.60851286     2.59217213     2.56935233     2.54011048     2.50451967     2.46266889     2.41466269     2.36062113
     2.58168310     2.57845667     2.56878544     2.55269358     2.53022132     2.50142482     2.46637606     2.42516266     2.37788760     2.32466908
     2.54030231     2.53712759     2.52761138     2.51177745     2.48966539     2.46133046     2.42684348     2.38629067     2.33977336     2.28740786
END
HEAD
     2.61169921     2.54538180     2.47270227     2.39384226     2.30899899     2.21838433     2.12222486     2.02076094     1.91424615     1.80294689     1.68714106     1.56711826
     2.59111089     2.52531628     2.45320968     2.37497133     2.29079690     2.20089656     2.10549513     2.00483105     1.89915594     1.78873406     1.67384114     1.55476449
     2.56854745     2.50332577     2.43184708     2.35429004     2.27084859     2.18173111     2.08716044     1.98737294     1.88261805     1.77315773     1.65926530     1.54122557
     2.54406527     2.47946526     2.40866787     2.33185006     2.24920394     2.16093588     2.06726661     1.96843025     1.86467383     1.75625683     1.64344997     1.52653534
     2.51772558     2.45379440     2.38373000     2.30770752     2.22591706     2.13856288     2.04586340     1.94805033     1.84536814     1.73807362     1.62643470     1.51073053
     2.48959416     2.42637730     2.35709575     2.28192270     2.20104612     2.11466797     2.02300426     1.92628408     1.82474920     1.71865352     1.60826198     1.49385061
     2.45974134     2.39728252     2.32883173     2.25456008     2.17465329     2.08931091     1.99874634     1.90318594     1.80286856     1.69804508     1.58897725     1.47593779
     2.42824175     2.36658278     2.29900857     2.22568805     2.14680455     2.06255507     1.97315028     1.87881363     1.77978092     1.67629982     1.56862871     1.45703685
     2.39517411     2.33435481     2.26770083     2.19537877     2.11756951     2.03446733     1.94628005     1.85322807     1.75554399     1.65347208     1.54726723     1.43719502
     2.36062113     2.30067921     2.23498678     2.16370806     2.08702127     2.00511794     1.91820285     1.82649324     1.73021836     1.62961895     1.52494622     1.41646192
     2.32466908     2.26564007     2.20094813     2.13075497     2.05523613     1.97458017     1.88898879     1.79867591     1.70386729     1.60480000     1.50172143     1.39488933
     2.28740786     2.22932501     2.16566999     2.09660193     2.02229355     1.94293039     1.85871092     1.76984564     1.67655666     1.57907728     1.47765092     1.37253119
END
