HEAD
     0.00000000     0.14993751     0.29950025     0.44831442     0.59600800     0.74221188     0.88656065     1.02869341     1.16825504     1.30489657
     0.00000000     0.14987505     0.29937549     0.44812766     0.59575972     0.74190269     0.88619133     1.02826487     1.16776837     1.30435298
     0.00000000     0.14968782     0.29900150     0.44756785     0.59501548     0.74097589     0.88508428     1.02698034     1.16630957     1.30272355
     0.00000000     0.14937630     0.29837923     0.44663639     0.59377716     0.73943380     0.88324228     1.02484303     1.16388229     1.30001238
     0.00000000     0.14894125     0.29751023     0.44533560     0.59204784     0.73728027     0.88066992     1.02185828     1.16049260     1.29622622
     0.00000000     0.14838378     0.29639668     0.44366875     0.58983185     0.73452069     0.87737365     1.01803354     1.15614897     1.29137455
     0.00000000     0.14770526     0.29504134     0.44163998     0.58713473     0.73116195     0.87336168     1.01337838     1.15086225     1.28546948
     0.00000000     0.14690741     0.29344763     0.43925439     0.58396322     0.72721245     0.86864407     1.00790444     1.14464567     1.27852579
     0.00000000     0.14599220     0.29161950     0.43651792     0.58032524     0.72268205     0.86323258     1.00162539     1.13751475     1.27056082
     0.00000000     0.14496194     0.28956155     0.43343742     0.57622989     0.71758210     0.85714076     0.99455694     1.12948732     1.26159449
END
HEAD
     1.30489657     1.43827662     1.56806172     1.69392748     1.81555916     1.93265303     2.04491628     2.15206830     2.25384126     2.34998068     2.44024649     2.52441295
     1.30435298     1.43767746     1.56740849     1.69322182     1.81480283     1.93184793     2.04406441     2.15117179     2.25290236     2.34900173     2.43922994     2.52336133
     1.30272355     1.43588148     1.56545046     1.69110662     1.81253575     1.92943463     2.04151093     2.14848450     2.25008799     2.34606731     2.43618280     2.52020910
     1.30001238     1.43289318     1.56219250     1.68758715     1.80876357     1.92541916     2.03726221     2.14401316     2.24540519     2.34118477     2.43111271     2.51496414
     1.29622622     1.42872002     1.55764277     1.68267222     1.80349572     1.91981157     2.03132889     2.13776894     2.23886567     2.33436630     2.42403234     2.50763956
     1.29137455     1.42337244     1.55181264     1.67637411     1.79674538     1.91262587     2.02372578     2.12976743     2.23048577     2.32562895     2.41495938     2.49825366
     1.28546948     1.41686379     1.54471667     1.66870856     1.78852941     1.90388001     2.01447190     2.12002865     2.22028644     2.31499455     2.40391650     2.48682990
     1.27852579     1.40921035     1.53637261     1.65969474     1.77886835     1.89359587     2.00359037     2.10857694     2.20829317     2.30248970     2.39093132     2.47339685
     1.27056082     1.40043124     1.52680130     1.64935516     1.76778635     1.88179913     1.99110839     2.09544092     2.19453593     2.28814564     2.37603628     2.45798807
     1.26159449     1.39054842     1.51602669     1.63771569     1.75531110     1.86851930     1.97705717     2.08065342     2.17904912     2.27199823     2.35926863     2.44064208
END
HEAD
     0.00000000     0.14496194     0.28956155     0.43343742     0.57622989     0.71758210     0.85714076     0.99455694     1.12948732     1.26159449
     0.00000000     0.14381919     0.28727890     0.43002058     0.57168741     0.71192532     0.85038383     0.98671674     1.12058345     1.25164921
     0.00000000     0.14256681     0.28477727     0.42627595     0.56670914     0.70572586     0.84297867     0.97812439     1.11082538     1.24074982
     0.00000000     0.14120793     0.28206291     0.42221289     0.56130754     0.69899921     0.83494379     0.96880137     1.10023752     1.22892358
     0.00000000     0.13974595     0.27914260     0.41784156     0.55549611     0.69176221     0.82629930     0.95877099     1.08884634     1.21620006
     0.00000000     0.13818452     0.27602365     0.41317287     0.54928936     0.68403291     0.81706677     0.94805831     1.07668028     1.20261103
     0.00000000     0.13652754     0.27271384     0.40821850     0.54270281     0.67583064     0.80726929     0.93669011     1.06376977     1.18819048
     0.00000000     0.13477916     0.26922145     0.40299083     0.53575292     0.66717591     0.79693135     0.92469480     1.05014707     1.17297444
     0.00000000     0.13294375     0.26555521     0.39750293     0.52845708     0.65809036     0.78607879     0.91210237     1.03584623     1.15700095
     0.00000000     0.13102589     0.26172429     0.39176852     0.52083351     0.64859669     0.77473875     0.89894430     1.02090303     1.14030996
     0.00000000     0.12903038     0.25773825     0.38580192     0.51290126     0.63871862     0.76293955     0.88525346     1.00535477     1.12294314
     0.00000000     0.12696220     0.25360706     0.37961805     0.50468017     0.62848085     0.75071069     0.87106408     0.98924033     1.10494392
END
HEAD
     1.26159449     1.39054842     1.51602669     1.63771569     1.75531110     1.86851930     1.97705717     2.08065342     2.17904912     2.27199823     2.35926863     2.44064208
     1.25164921     1.37958657     1.50407568     1.62480539     1.74147379     1.85378956     1.96147181     2.06425140     2.16187144     2.25408781     2.34067025     2.42140223
     1.24074982     1.36757310     1.49097816     1.61065655     1.72630900     1.83764672     1.94439127     2.04627586     2.14304582     2.23445917     2.32028765     2.40031661
     1.22892358     1.35453804     1.47676687     1.59530454     1.70985464     1.82013114     1.92585826     2.02677173     2.12261932     2.21316136     2.29817176     2.37743793
     1.21620006     1.34051399     1.46147733     1.57878773     1.69215186     1.80128662     1.90591910     2.00578778     2.10064302     2.19024765     2.27437791     2.35282340
     1.20261103     1.32553596     1.44514773     1.56114739     1.67324486     1.78116022     1.88462361     1.98337641     2.07717181     2.16577525     2.24896549     2.32653448
     1.18819048     1.30964141     1.42781891     1.54242761     1.65318092     1.75980226     1.86202501     1.95959367     2.05226436     2.13980536     2.22199806     2.29863692
     1.17297444     1.29287006     1.40953418     1.52267519     1.63201018     1.73726613     1.83817981     1.93449900     2.02598295     2.11240289     2.19354302     2.26920044
     1.15700095     1.27526384     1.39033924     1.50193950     1.60978558     1.71360815     1.81314760     1.90815512     1.99839324     2.08363632     2.16367150     2.23829862
     1.14030996     1.25686678     1.37028209     1.48027240     1.58656268     1.68888750     1.78699098     1.88062791     1.96956425     2.05357761     2.13245819     2.20600874
     1.12294314     1.23772481     1.34941281     1.45772798     1.56239947     1.66316589     1.75977527     1.85198612     1.93956797     2.02230181     2.09998104     2.17241142
     1.10494392     1.21788580     1.32778360     1.43436263     1.53735637     1.63650765     1.73156851     1.82230135     1.90847939     1.98988712     2.06632126     2.13759068
END
