HEAD
     0.00000000     0.00000000     0.00000000     0.00000000     0.00000000     0.00000000     0.00000000     0.00000000     0.00000000     0.00000000
     0.04997917     0.04997917     0.04997917     0.04997917     0.04997917     0.04997917     0.04997917     0.04997917     0.04997917     0.04997917
     0.09983342     0.09983342     0.09983342     0.09983342     0.09983342     0.09983342     0.09983342     0.09983342     0.09983342     0.09983342
     0.14943814     0.14943814     0.14943814     0.14943814     0.14943814     0.14943814     0.14943814     0.14943814     0.14943814     0.14943814
     0.19866933     0.19866933     0.19866933     0.19866933     0.19866933     0.19866933     0.19866933     0.19866933     0.19866933     0.19866933
     0.24740396     0.24740396     0.24740396     0.24740396     0.24740396     0.24740396     0.24740396     0.24740396     0.24740396     0.24740396
     0.29552022     0.29552022     0.29552022     0.29552022     0.29552022     0.29552022     0.29552022     0.29552022     0.29552022     0.29552022
     0.34289780     0.34289780     0.34289780     0.34289780     0.34289780     0.34289780     0.34289780     0.34289780     0.34289780     0.34289780
     0.38941835     0.38941835     0.38941835     0.38941835     0.38941835     0.38941835     0.38941835     0.38941835     0.38941835     0.38941835
     0.43496552     0.43496552     0.43496552     0.43496552     0.43496552     0.43496552     0.43496552     0.43496552     0.43496552     0.43496552
END
HEAD
     0.00000000     0.00000000     0.00000000     0.00000000     0.00000000     0.00000000     0.00000000     0.00000000     0.00000000     0.00000000     0.00000000     0.00000000
     0.04997917     0.04997917     0.04997917     0.04997917     0.04997917     0.04997917     0.04997917     0.04997917     0.04997917     0.04997917     0.04997917     0.04997917
     0.09983342     0.09983342     0.09983342     0.09983342     0.09983342     0.09983342     0.09983342     0.09983342     0.09983342     0.09983342     0.09983342     0.09983342
     0.14943814     0.14943814     0.14943814     0.14943814     0.14943814     0.14943814     0.14943814     0.14943814     0.14943814     0.14943814     0.14943814     0.14943814
     0.19866933     0.19866933     0.19866933     0.19866933     0.19866933     0.19866933     0.19866933     0.19866933     0.19866933     0.19866933     0.19866933     0.19866933
     0.24740396     0.24740396     0.24740396     0.24740396     0.24740396     0.24740396     0.24740396     0.24740396     0.24740396     0.24740396     0.24740396     0.24740396
     0.29552022     0.29552022     0.29552022     0.29552022     0.29552022     0.29552022     0.29552022     0.29552022     0.29552022     0.29552022     0.29552022     0.29552022
     0.34289780     0.34289780     0.34289780     0.34289780     0.34289780     0.34289780     0.34289780     0.34289780     0.34289780     0.34289780     0.34289780     0.34289780
     0.38941835     0.38941835     0.38941835     0.38941835     0.38941835     0.38941835     0.38941835     0.38941835     0.38941835     0.38941835     0.38941835     0.38941835
     0.43496552     0.43496552     0.43496552     0.43496552     0.43496552     0.43496552     0.43496552     0.43496552     0.43496552     0.43496552     0.43496552     0.43496552
END
HEAD
     0.43496552     0.43496552     0.43496552     0.43496552     0.43496552     0.43496552     0.43496552     0.43496552     0.43496552     0.43496552
     0.47942554     0.47942554     0.47942554     0.47942554     0.47942554     0.47942554     0.47942554     0.47942554     0.47942554     0.47942554
     0.52268724     0.52268724     0.52268724     0.52268724     0.52268724     0.52268724     0.52268724     0.52268724     0.52268724     0.52268724
     0.56464249     0.56464249     0.56464249     0.56464249     0.56464249     0.56464249     0.56464249     0.56464249     0.56464249     0.56464249
     0.60518639     0.60518639     0.60518639     0.60518639     0.60518639     0.60518639     0.60518639     0.60518639     0.60518639     0.60518639
     0.64421768     0.64421768     0.64421768     0.64421768     0.64421768     0.64421768     0.64421768     0.64421768     0.64421768     0.64421768
     0.68163876     0.68163876     0.68163876     0.68163876     0.68163876     0.68163876     0.68163876     0.68163876     0.68163876     0.68163876
     0.71735610     0.71735610     0.71735610     0.71735610     0.71735610     0.71735610     0.71735610     0.71735610     0.71735610     0.71735610
     0.75128042     0.75128042     0.75128042     0.75128042     0.75128042     0.75128042     0.75128042     0.75128042     0.75128042     0.75128042
     0.78332689     0.78332689     0.78332689     0.78332689     0.78332689     0.78332689     0.78332689     0.78332689     0.78332689     0.78332689
     0.81341550     0.81341550     0.81341550     0.81341550     0.81341550     0.81341550     0.81341550     0.81341550     0.81341550     0.81341550
     0.84147098     0.84147098     0.84147098     0.84147098     0.84147098     0.84147098     0.84147098     0.84147098     0.84147098     0.84147098
END
HEAD
     0.43496552     0.43496552     0.43496552     0.43496552     0.43496552     0.43496552     0.43496552     0.43496552     0.43496552     0.43496552     0.43496552     0.43496552
     0.47942554     0.47942554     0.47942554     0.47942554     0.47942554     0.47942554     0.47942554     0.47942554     0.47942554     0.47942554     0.47942554     0.47942554
     0.52268724     0.52268724     0.52268724     0.52268724     0.52268724     0.52268724     0.52268724     0.52268724     0.52268724     0.52268724     0.52268724     0.52268724
     0.56464249     0.56464249     0.56464249     0.56464249     0.56464249     0.56464249     0.56464249     0.56464249     0.56464249     0.56464249     0.56464249     0.56464249
     0.60518639     0.60518639     0.60518639     0.60518639     0.60518639     0.60518639     0.60518639     0.60518639     0.60518639     0.60518639     0.60518639     0.60518639
     0.64421768     0.64421768     0.64421768     0.64421768     0.64421768     0.64421768     0.64421768     0.64421768     0.64421768     0.64421768     0.64421768     0.64421768
     0.68163876     0.68163876     0.68163876     0.68163876     0.68163876     0.68163876     0.68163876     0.68163876     0.68163876     0.68163876     0.68163876     0.68163876
     0.71735610     0.71735610     0.71735610     0.71735610     0.71735610     0.71735610     0.71735610     0.71735610     0.71735610     0.71735610     0.71735610     0.71735610
     0.75128042     0.75128042     0.75128042     0.75128042     0.75128042     0.75128042     0.75128042     0.75128042     0.75128042     0.75128042     0.75128042     0.75128042
     0.78332689     0.78332689     0.78332689     0.78332689     0.78332689     0.78332689     0.78332689     0.78332689     0.78332689     0.78332689     0.78332689     0.78332689
     0.81341550     0.81341550     0.81341550     0.81341550     0.81341550     0.81341550     0.81341550     0.81341550     0.81341550     0.81341550     0.81341550     0.81341550
     0.84147098     0.84147098     0.84147098     0.84147098     0.84147098     0.84147098     0.84147098     0.84147098     0.84147098     0.84147098     0.84147098     0.84147098
END
